10
10
796 162
378 266
205 464
517 292
245 213
743 202
681 247
451 250
675 340
668 407
20
1423 780
1082 339
1736 488
154 657
795 658
36 183
928 551
624 841
786 425
730 153
1980 710
312 446
639 789
655 1
1659 116
1164 485
1743 959
107 936
912 622
1703 891
30
1728 527
1891 22
1561 736
2617 1034
1240 976
1642 948
1853 1194
2862 763
2261 295
2522 1375
2462 171
1056 1306
952 1435
2860 120
928 588
766 1394
359 835
1705 35
2033 122
304 873
1800 171
2832 1130
2260 1373
1104 204
1197 1297
1539 605
20 1415
718 1425
1458 1222
2315 1366
40
3552 1350
3131 1448
2396 1821
2892 1320
2676 920
2157 756
787 931
1588 1259
2494 914
2664 1348
1552 1654
867 1706
2517 1621
121 48
2160 1056
915 483
2089 1798
3578 305
2091 816
1873 132
3142 1522
362 1081
3204 883
3915 1314
1621 147
3311 1653
3304 524
1021 232
3903 573
2103 1181
1739 1251
519 179
1540 1560
1282 397
871 583
1482 1826
2649 314
549 1260
227 137
2057 1337
50
4116 98
2360 1163
1471 23
3486 2399
3944 2427
1398 1153
1188 2484
2554 1134
3577 752
3065 970
4796 466
731 1239
1576 385
4518 134
2978 280
1749 842
4999 2134
168 1728
3029 824
4792 1972
4641 1028
2948 343
3465 2380
173 860
1467 2360
4731 1185
1748 1230
4346 176
2131 338
348 156
1150 1941
1876 2070
2764 253
949 359
4054 2294
3180 1527
1411 686
3675 1077
210 1444
3177 147
810 428
848 926
4748 38
2150 1119
4399 387
3179 2492
1978 1640
1466 1762
4722 1389
2687 1395
60
2702 499
3543 749
5567 2289
2796 1007
526 843
2487 2139
3612 472
654 1012
945 2587
1456 2497
3293 2946
227 2355
5059 2802
843 238
478 1609
3116 1732
372 2034
1674 2440
3260 859
4466 453
3086 1895
4720 51
2132 2307
710 1247
2032 1720
1220 2743
1988 1184
3061 2068
3488 2502
348 52
934 1549
3608 2432
5607 84
2032 1226
408 1132
4386 2556
2720 1297
5246 916
591 2397
5290 333
1240 1533
5389 629
2616 2171
4203 914
416 959
1869 574
4556 2934
4192 433
677 2331
2515 325
3683 2590
157 2140
1809 134
924 2442
997 1335
2790 985
2708 1499
367 1953
5513 1941
3203 2409
70
4608 156
3934 2739
1517 1813
5970 1045
4569 2568
1862 579
4389 991
1112 631
5518 3374
2459 732
3675 151
4323 1950
4345 2488
1978 1500
3280 815
2292 1514
1994 1933
2705 2230
1338 722
1114 2241
882 1635
375 1682
2089 1955
2276 3467
2048 2259
4109 1280
6983 169
2268 1070
1744 2807
6766 286
3104 821
1079 926
2890 2548
336 2332
3725 668
6596 841
2625 246
6774 1107
1576 3187
2649 1917
2878 2025
5404 1384
5147 931
4242 2749
1666 1067
3775 2934
1102 2220
3202 666
1578 1739
3617 1755
2620 1942
1285 645
3625 603
276 923
2251 106
477 1897
5424 2143
1772 3239
6598 1166
4018 2961
3402 914
6349 723
2909 1527
6405 583
480 2713
5179 1390
3397 1480
1386 461
1422 703
1591 1605
80
7843 1986
4232 3289
935 2121
5667 2504
6801 1803
5832 636
6143 452
1310 3263
2407 2846
4429 2861
1136 2683
1303 1540
6919 1266
4485 503
919 3582
6005 186
3871 1783
165 2079
4718 3506
2343 3960
7513 1457
4115 2614
6923 3353
4401 2028
1682 3567
903 2677
3542 3730
3994 2701
4749 3052
2268 2608
5818 280
5381 3596
5319 1964
7332 1671
2664 121
270 1439
3313 2381
940 800
7572 1356
5282 2695
1123 1251
5280 675
7656 2604
6012 1248
7452 598
1939 3797
2477 2498
5866 2317
6544 3558
7546 2302
2320 2123
3812 825
7419 3693
4172 2181
1567 321
7204 3412
1792 36
3628 3639
820 834
3851 303
5329 3321
6827 2275
1451 3239
3459 2233
6888 3854
5361 799
2208 2614
4636 2631
4414 467
6459 1986
5551 3902
1581 2263
4131 3028
463 2560
3369 1917
2645 2545
5694 1934
7998 730
1736 2951
2902 2719
90
6708 3455
2231 3450
2655 1054
7743 1246
47 4119
6346 1605
4927 2370
8603 1837
277 1664
6368 4081
4689 1258
7123 4306
8622 3229
1881 2903
5406 659
7133 3949
1062 42
3585 1773
967 3352
7117 406
1112 1170
3565 2738
2423 947
2394 1766
229 1083
8295 244
2422 308
2042 4261
3316 4172
712 1356
7479 1848
4495 630
2087 973
5882 2082
428 2783
3985 3898
5264 3490
5078 3820
3672 524
3265 2418
4848 615
3308 2108
2103 4037
1271 1645
2958 1798
8601 2459
8789 3629
7670 3267
969 702
7606 2204
813 3712
3451 2894
7943 2257
6285 4384
3853 3754
2997 3189
1583 1096
8780 349
3386 2743
6308 4388
2212 3024
7728 2862
1622 101
1306 2842
8501 2274
7589 1126
1528 3128
7388 2285
4943 3934
5792 2764
7556 2666
662 3200
1308 2065
2730 434
8950 1319
4542 4248
3568 620
5927 3355
3728 4155
1620 1373
7031 3458
4916 668
6707 4486
8997 2807
5673 4309
3627 3675
5201 2903
4496 2828
4898 4211
1347 111
100
9143 4887
6042 2502
257 4508
5042 1394
4848 2810
995 3066
4076 2234
1197 4205
6196 1302
8461 2548
4078 4622
1899 4911
6342 4548
21 2071
8950 4389
4191 4468
9324 2932
7745 4176
6958 4439
4986 2147
2875 2214
4703 284
5251 2284
4856 542
65 1763
8644 2837
3735 3945
7289 245
9347 4277
1566 3662
9314 2913
2361 3817
5083 684
349 1281
8843 978
6261 4942
3120 169
6158 1181
1587 4001
618 4886
8473 1515
2812 4303
4531 1936
8082 4634
4707 3201
6805 248
6346 3674
3093 2350
7072 947
4188 2951
8332 3527
9291 2028
3964 2649
1996 2840
3173 2408
7513 460
3788 1893
4419 716
4796 3043
811 909
6789 2494
6413 4868
5191 4760
5455 3112
3922 2745
9946 4186
6475 4682
9348 488
7330 4324
578 1252
9053 3393
1811 1689
9508 2046
4558 684
9171 4391
1178 4858
706 1900
9148 4232
1694 2882
9145 4247
6663 1070
1365 367
6436 759
3319 43
1225 4874
2827 2393
8837 801
1921 3557
931 1812
916 303
8339 4434
7074 1145
1121 4175
8929 2917
258 3603
5628 1484
5654 2888
442 3023
9481 3580
8974 2094