10
4 5
4 3
3 1
2 4
2 1
2 3
5 5
4 2
4 3
1 2
4 1
2 5
6 6
6 4
4 5
2 1
6 1
6 3
2 3
6 6
4 5
5 3
1 2
1 6
5 6
1 5
6 7
6 5
3 2
6 4
6 2
3 4
6 1
5 4
7 7
5 7
7 6
3 4
2 3
7 1
5 1
2 1
7 16
6 7
6 2
6 4
5 7
5 1
5 4
6 1
7 4
4 2
3 2
3 7
5 2
3 5
1 7
3 1
7 2
8 10
1 6
1 5
3 5
8 6
6 3
3 2
8 7
4 2
3 7
4 8
11 29
11 9
4 6
7 1
8 2
3 7
8 7
7 10
10 9
11 6
7 4
4 11
8 9
8 1
11 2
7 5
5 2
8 3
4 5
1 4
9 5
7 9
5 6
3 5
8 10
9 6
4 2
7 2
11 5
1 9
11 30
7 2
6 5
5 8
2 11
7 3
2 6
2 8
4 6
1 9
4 10
3 10
5 11
1 8
11 10
9 8
1 3
3 2
1 10
3 8
2 4
1 11
5 9
4 11
3 9
3 11
5 10
2 10
1 5
1 6
1 4