10
2 10 11
3 9
2 1
5 15 20
9 3
7 34
5 22
16 28
8 13
8 100 300
113 60
103 43
208 49
44 11
111 15
169 65
169 3
73 15
10 4800 5000
2186 90194
3812 56100
4791 94560
4728 10841
1797 21942
3276 47153
2228 73150
2182 30508
2767 51283
3573 15805
15 1000 10000
3847 41766
9624 10062
1213 63696
1905 1413
2006 23692
3533 71577
8762 38720
7813 83318
2274 32726
5456 61843
5898 53406
7406 69653
4760 105
321 8046
9307 1549
20 17579 21577
9888 7
19913 4
8521 8
17575 2
17247 2
3588 1
7201 1
3046 2
15866 3
11848 1
18279 6
3017 8
1172 7
2042 9
10346 4
17161 7
3968 1
18428 3
17087 10
1687 7
50 50000 60000
24777 29
30735 62
28094 419
57070 382
2826 164
21042 49
42973 351
22490 155
16957 437
54841 157
52400 490
47093 482
50080 54
58715 348
22701 257
45834 458
36272 487
40238 277
31089 469
52807 120
55263 290
49885 400
36610 460
54956 407
8500 355
58629 132
31836 437
57526 240
38872 467
27086 438
44916 476
4614 125
31233 127
37069 358
16585 189
33186 377
25810 225
11400 89
11758 221
53908 133
31617 306
2851 384
40292 360
7161 471
21989 255
8074 140
36555 171
57590 92
9325 386
17364 170
1 10000 100000
1 100000
500 67458 88854
33159 25765
8231 14125
75788 2204
9083 42364
19390 41135
42725 14030
81108 36967
13248 6436
31109 21986
34064 55838
62308 56127
17726 28066
68640 69246
64561 39010
77815 32635
21791 58851
29454 46345
72416 53573
23135 15897
39854 49178
54866 46184
53611 58081
163 41743
31671 13381
56409 1191
284 65167
3779 69357
87066 53582
35474 33616
84061 56235
17318 11091
51940 62481
77563 10697
15680 54302
31339 8536
25896 32882
79815 6869
88584 31514
55459 5767
74159 29215
3497 32645
38927 45371
37520 68151
6578 13831
43733 67326
51173 35169
70837 42622
9851 18352
42056 50184
86155 57689
48555 42814
9167 47836
66402 62277
39275 8663
78815 39962
11496 33041
18043 38531
60026 64029
64491 7952
61970 23557
56789 47243
30785 12506
72206 58445
66382 62076
14958 21654
68387 8506
27665 19439
21603 37584
80120 15745
24625 41922
51010 28199
62830 42739
73022 43894
71308 58788
13675 16936
25353 28207
534 51550
35037 24362
30294 47138
17823 14241
54133 21569
56034 7644
67275 35948
60908 37266
23730 28365
14036 33843
70630 25497
66186 6742
73629 69521
73461 28835
83043 63581
30673 15091
51547 12002
13001 57126
20105 41580
78030 50952
32737 7637
2826 22334
41815 63026
88560 43528
25384 69995
5860 46735
78574 43710
15151 63330
73246 42323
66469 33879
25333 61735
49702 32047
58940 13684
40270 15805
7243 53400
4548 61860
44006 67943
6564 33876
53527 58326
50029 41938
49288 17759
50391 69768
49032 64725
84642 47415
67363 3216
78159 619
55427 63186
12214 13598
54657 52262
86502 59877
49998 24915
24033 5708
28571 7579
82218 62862
18133 27789
6059 51894
61692 52056
28514 13566
24978 1151
56914 64828
76272 52502
37255 36719
2846 47728
37232 44621
75159 18745
71733 46640
79386 8576
2799 3362
45968 2775
46081 1900
72399 34454
19609 49038
41390 20067
74542 2312
87016 24517
13736 34106
72262 32747
24058 62287
85845 10730
64510 11501
5324 51737
33757 42063
56806 13913
61251 28353
35236 12531
44126 25840
26524 14788
65001 45169
12434 6757
43871 53346
77887 962
73385 15780
17891 69166
10222 18846
19484 68208
41352 40803
66536 67191
51164 9130
65069 11973
55421 34908
41996 47745
36321 39497
82689 32496
48136 45652
10203 13386
69100 54264
60005 64431
61006 69160
15314 7501
65010 25810
11854 19386
42788 45423
83030 5671
10876 3697
66217 27270
58121 33493
23477 37849
13989 52877
65313 59841
26638 24335
69694 3508
72115 37517
84395 17365
860 56626
33562 59402
50635 64458
5435 46772
58554 58261
14412 27103
19879 37838
36972 37223
62613 43847
31167 64934
61682 13901
6322 56465
7933 55956
58310 36483
9218 52513
70680 8897
8817 25410
13451 65311
50656 29408
6910 33722
68841 23373
66116 23031
39481 30692
37547 29102
63918 65518
60269 55385
85840 8628
41807 65706
36107 46058
63989 68482
49617 55213
64710 40545
29356 46888
83555 34839
20891 7593
83786 19507
53404 24641
22395 56377
74907 56820
36107 4470
73477 65906
10217 49009
9944 58983
64330 48413
34420 38401
5860 50988
65292 25234
74130 49406
39034 3364
87558 4649
84533 14735
27805 41888
22894 41931
23181 48691
31692 52046
22007 1129
67181 55791
22826 65669
80733 7980
19421 14271
25438 49874
66802 46809
31627 30449
15011 8844
5629 22358
22372 53833
49782 29321
17964 67176
72386 4758
30360 44912
38561 26812
52386 62561
44452 42379
42966 59412
41528 52445
46584 30613
17979 62906
81961 13579
5969 29082
36122 46693
47182 18393
54178 56802
15945 44073
61795 7807
12868 3443
27080 5620
81682 17027
54416 14869
20705 69833
23431 30102
16005 33243
20532 38743
5108 35378
15735 24763
39562 39313
65717 20943
80143 22283
23580 13656
24357 64930
80834 37407
2327 27780
61575 36794
16558 52416
5178 31227
42005 67314
63167 12549
81362 3002
3186 37751
73217 68037
16702 18168
22827 46373
2520 22933
22850 37917
39199 48071
86927 57514
18305 13360
43951 3199
46635 7069
46396 2368
44903 23819
44240 64514
34584 13140
41412 41336
7043 5834
178 29408
50486 51943
85992 67148
17780 58051
21222 56553
27249 2681
59189 51114
57872 36879
39664 54421
25557 22487
67590 69288
79294 33280
1065 4698
32778 33973
21579 17572
47329 49112
30828 38204
87968 18091
44532 22275
79845 23920
74686 18596
14148 31953
68699 50150
64913 50572
43590 16628
16050 8758
14811 39445
26043 5645
5208 65237
47271 44483
19850 973
38652 7949
75281 53238
49142 3469
21927 45743
34083 56095
39733 2892
75931 22574
77091 33159
27413 13513
4597 14120
54048 11016
50605 21324
83567 6790
16572 15647
11383 40576
13073 58464
69292 60767
84565 40840
35752 38297
28389 41993
60425 51258
11111 13513
43316 11327
86339 39260
74785 23805
64187 6481
82040 21068
66366 11473
44555 34373
76821 63127
51530 51260
85466 69853
75712 15372
4198 19761
53013 2162
6070 30518
86878 47906
14386 64042
28663 60477
11811 62133
74652 38654
76910 52237
37312 32160
5216 37853
53397 57281
13053 35594
47896 22775
46214 50562
72426 17763
16541 53593
20113 37529
74188 17959
24934 64549
76146 69364
86614 10645
21800 31496
51511 31937
41530 30021
51267 41223
29386 40688
53019 2570
52235 52220
17013 222
46674 1845
48644 18457
5679 50677
69486 738
85544 27712
27199 25403
49848 34950
74650 21198
10738 22072
5646 29266
21282 7235
48967 68636
87834 50816
53607 39913
36174 21473
72275 46698
64694 58518
64858 26305
21908 1515
68615 50519
4924 7020
56395 53581
85860 53645
68989 8119
72016 60073
20811 20559
86343 66210
81736 55478
39201 35537
68144 43537
80377 66648
51258 39924
33120 24178
16208 29811
57603 23684
52590 63991
43170 31575
9704 11788
57467 39958
3003 9398
15617 17166
38710 30110
11955 7870
59984 58287
63539 41962
70147 51672
11165 58910
53789 46375
79372 43934
40056 5949
23012 4245
56893 50172
13763 37620
43034 40514
75340 41842
38696 7907
63069 11955
11105 64155
65007 52894
41380 41312
30010 7865
62478 43492
68953 7827
24834 12913
76404 34627
57217 16484
10820 29660
61265 20982
44439 61547
28958 63726
46821 9990
71836 51780
54100 58951
74144 5940
35752 20378
8107 36271
41897 10029
79515 13559
34377 49410
70438 35920
15557 42555
46248 41788
49803 63199
5000 100000 100000
20 40675
16 81194
16 90891
6 21116
9 99709
18 65557
23 79139
5 74974
23 66030
4 18565
8 86176
8 53915
12 85457
25 59037
7 30
1 80858
23 31817
5 41260
6 80413
16 59460
16 58002
4 7794
3 80008
11 16933
19 80938
12 86065
14 52213
10 33800
6 36815
9 46312
1 44164
3 40685
1 67869
20 63479
12 98886
22 87191
23 27086
14 50609
2 15362
24 12964
9 12120
13 56345
18 40393
8 76018
4 64780
13 44090
16 91039
21 18382
5 97396
9 95425
12 31494
22 74176
12 32401
16 5349
10 53207
22 50168
2 66460
12 61928
21 32095
12 33901
18 95458
23 27926
22 61654
14 9475
8 61701
11 66996
5 85812
7 86048
13 9631
25 82016
21 80352
8 69142
2 61403
25 58137
12 56721
6 29834
19 48644
21 28131
18 87067
18 51904
21 61720
16 2615
18 74325
11 62026
14 2844
21 32720
10 16174
12 73065
8 54351
15 97797
15 36716
10 95584
1 98471
15 35731
5 84670
14 97609
1 49920
23 58440
22 21945
1 17757
19 87646
20 20140
15 51394
17 61780
21 97056
3 30949
2 57590
15 37633
15 59050
25 33420
11 59451
17 9106
7 47185
15 84570
2 98534
14 73142
17 19316
19 10977
9 11837
25 90876
7 15014
19 29552
21 62936
7 27510
20 95116
25 51523
18 30269
10 81075
25 84722
24 12250
4 76419
8 5171
10 5958
9 94416
14 47212
20 55767
16 11859
3 37192
15 74448
7 17125
8 57676
15 48947
3 81120
25 86937
1 70943
1 66084
2 12918
13 25755
11 6639
14 25578
11 44872
20 779
10 98761
14 43788
25 36944
18 79096
17 44647
25 19140
9 37411
5 50441
15 83371
11 1236
3 57853
15 84555
15 54540
7 93979
22 68591
8 53227
19 48816
22 85302
14 88382
23 72086
10 86506
3 21053
16 67223
3 42241
19 85528
20 65638
23 86073
2 96818
10 5095
14 16989
23 22328
14 82500
5 76445
25 68442
9 54881
18 31134
12 56933
7 35089
22 7588
9 1483
24 68829
25 87201
14 54974
4 96206
4 9139
22 58287
21 39002
13 84145
4 41784
9 20370
10 70742
22 82984
23 8453
1 44064
9 15751
7 82381
8 19480
5 86017
18 87014
6 12631
4 11052
16 71315
4 94256
21 88943
7 80081
1 63412
23 23466
25 86420
14 33084
8 39166
13 45447
14 25806
5 10372
16 11571
7 77240
23 75082
8 71900
2 67744
1 45230
24 96996
11 56093
11 14760
9 23771
13 97599
3 47982
1 50907
17 48163
2 55863
6 17974
23 4942
9 25802
22 39464
16 17586
4 10920
23 94329
19 36809
13 43474
7 11185
20 618
24 60379
17 6080
16 5086
15 99415
2 1474
11 64226
12 86016
1 95473
22 41423
8 11989
24 34331
11 77995
2 49368
25 29177
11 58739
20 21225
8 21656
6 31739
1 3741
19 50012
8 42961
14 83439
10 65690
24 94170
12 74185
1 55111
7 85055
13 80471
19 97226
4 42841
16 7464
5 36087
2 71689
10 81389
20 31108
9 2326
18 83629
24 14183
9 83078
19 82474
25 91382
9 6220
8 92225
18 72578
21 98584
8 11193
21 51100
8 48999
2 9442
19 29173
14 84578
2 11567
9 46346
5 16187
20 67722
22 6147
16 34886
8 31999
22 60481
22 75478
3 86371
5 37437
3 51790
15 12073
21 32906
1 77596
20 30654
10 12044
7 95123
12 12231
13 26793
19 53655
19 87644
18 79682
14 88428
3 49448
14 92331
24 5651
22 89789
24 45756
23 54437
19 93163
15 85910
6 68441
1 81704
24 55039
9 57305
24 38684
21 51504
25 75208
6 12096
19 7648
17 56098
3 10181
4 38169
25 83854
1 41087
25 67028
24 22943
14 52086
7 17137
7 19178
5 83316
22 7661
21 50053
25 46359
1 73391
23 54887
9 59284
22 10035
7 62528
5 43546
19 79936
18 640
3 1335
10 42217
8 68367
19 17946
6 18140
14 72275
25 56446
14 70907
10 13558
23 51400
14 84558
14 8280
16 45695
2 20410
21 68422
20 16380
9 23607
5 52253
16 79809
6 45275
10 51551
16 66995
16 46239
9 49758
2 91635
10 1612
22 99730
12 56432
22 37440
7 8436
24 29675
24 93215
20 16179
6 81067
19 19935
20 42616
3 61988
20 31589
8 75220
11 5099
3 27911
6 67906
16 66830
25 83855
7 29177
5 45049
3 52849
8 27336
16 35324
11 89251
7 52857
4 90844
10 53768
7 18644
4 82242
10 3536
8 72383
3 9401
24 76194
19 52153
8 53675
8 81130
2 58455
18 17804
17 98125
7 385
8 34904
18 27141
22 19289
17 26089
17 17053
8 4247
11 98212
23 45710
10 5541
6 34565
12 9762
16 76032
7 88689
22 77196
18 38436
3 27313
22 36207
19 86901
14 26237
2 54706
13 93133
16 32120
12 20181
23 45721
10 4062
14 20360
14 12034
10 17600
13 22768
6 67250
20 87834
21 23406
24 87284
18 70617
6 29793
8 90659
14 65520
7 75901
7 38152
15 41356
12 1494
12 44232
21 65562
23 67195
20 17261
12 59505
5 81579
5 58833
9 50617
24 35781
21 9844
14 13008
14 33647
9 11337
3 5522
5 66349
9 42209
16 40692
20 65596
22 29707
3 71421
24 20951
22 89571
9 21833
8 17234
17 13775
10 33183
1 26231
13 69168
20 49320
2 22683
11 20011
9 44291
7 23466
22 22278
17 48579
25 17517
21 24671
6 72306
17 44981
18 28298
1 51766
15 40723
7 17740
18 68799
3 9034
3 55474
3 56000
6 83623
22 89888
20 10341
7 25825
20 36164
20 85485
24 61834
13 56462
10 21679
12 79602
16 59699
10 40406
22 32141
1 16098
17 78643
13 96092
25 2962
3 50292
17 43825
25 67051
17 96659
18 20596
4 67713
22 56335
16 3545
15 1705
3 40878
13 20073
11 64517
14 25709
12 44302
14 68950
6 46028
8 82412
21 75775
19 51471
9 22309
1 35232
25 7971
10 17808
3 44937
23 13967
6 20765
16 88082
10 4803
25 70789
16 75383
17 73892
13 16582
1 10772
14 22957
14 26931
17 80768
23 33295
2 65060
16 13503
24 3358
1 45643
9 8808
23 38787
25 78261
19 35129
22 84096
12 69662
2 62511
15 11081
6 15557
1 29924
22 99363
20 53002
16 66814
14 66728
2 69348
3 26246
18 99611
16 12078
25 74368
17 51533
4 15387
24 88201
21 84906
7 39630
17 71892
17 30615
16 5430
12 27529
13 92404
8 27747
17 38070
11 77442
12 10133
1 898
1 49652
9 24962
9 15393
23 73412
15 72148
18 87686
23 98120
17 2855
18 91644
24 70658
20 3298
6 75047
5 5893
11 29946
22 41901
2 83761
7 55521
3 80680
14 24902
14 44934
10 58987
4 60882
20 12939
15 19204
15 6356
23 87421
5 99216
2 41611
8 91969
20 65413
18 68216
8 82276
8 91095
18 37397
2 97806
8 86909
9 10625
13 83619
7 97301
2 70949
20 68915
9 9744
9 99087
14 66184
8 84822
21 83335
6 46358
15 43665
8 81041
19 5415
4 44561
1 61755
15 31802
7 28454
20 69117
16 13125
18 10012
8 57089
15 47009
2 69545
17 13924
6 92933
21 54794
6 48280
10 78403
1 9772
19 643
12 48929
11 869
18 70499
18 82964
24 34531
15 37002
2 22105
19 43202
17 55775
22 46281
23 30057
18 55386
2 42125
6 92433
9 38384
16 20006
16 8703
20 28879
17 66812
10 54789
6 52756
21 24242
11 81266
14 99966
11 38529
14 8011
4 99075
22 80597
12 94374
2 41426
12 15195
14 93538
23 70930
25 43665
2 60794
6 11622
2 34191
13 28422
11 30519
18 22640
21 92300
17 30932
3 39769
9 45698
17 79893
21 30548
8 98316
24 92517
3 48815
17 98922
2 11584
24 66278
5 39054
5 28894
25 45926
1 15559
16 28697
7 24137
8 19231
20 85975
5 86756
10 54671
11 3175
15 37072
22 77685
25 8290
12 48450
7 17066
19 91408
21 93008
5 69313
23 13007
17 97706
7 70583
20 48757
24 18939
23 48769
9 26206
21 50654
21 89635
6 78755
1 4435
24 50188
20 72498
20 74179
3 66442
16 18910
20 35180
11 13966
12 48666
1 25739
3 31526
25 2985
23 27931
18 40241
17 73402
14 47902
17 23131
5 49512
4 991
22 49177
25 88535
21 24997
12 69137
6 8034
23 78809
14 564
18 92312
3 72225
1 90828
24 48171
13 15786
17 69432
10 12344
17 62454
5 5578
25 2117
13 32616
8 90550
23 74761
5 2657
16 95041
10 68504
14 88715
5 72600
18 96908
11 50572
21 16880
6 54852
14 66313
2 42752
22 23614
25 12633
17 71341
14 76883
23 15717
5 14041
3 41581
5 86615
22 89204
5 46028
21 7053
21 71605
9 42907
8 6634
19 84630
18 61251
22 51483
16 49306
21 67021
8 14295
15 15403
1 78122
21 94415
7 15628
21 30504
1 17753
21 13839
12 56617
4 44683
10 6991
17 56324
13 10293
20 94307
15 89675
3 86956
11 37713
12 37915
2 1831
5 7886
2 86845
10 29808
3 78866
1 19371
20 70278
13 1072
10 31644
25 68944
20 33112
16 40647
9 65263
9 43768
10 47336
16 93998
22 39368
10 86269
17 94032
3 21977
17 93825
24 38118
13 19727
9 87439
25 88590
15 42638
19 78232
5 62217
7 31593
23 60728
18 94282
1 72006
7 93471
2 80357
25 10317
14 21752
21 32973
24 24741
14 2720
15 69114
13 81872
23 89240
25 78857
2 38587
3 63207
3 62094
25 91230
8 93857
17 41683
12 9042
18 30080
18 10959
12 30058
4 26926
2 80770
9 19845
13 352
22 96345
3 57268
22 6893
18 73690
17 88441
21 48064
15 95991
9 87624
21 5896
18 35853
19 50720
16 64755
13 63219
11 77298
9 65254
3 31477
15 36397
25 54219
8 36540
25 60684
13 36991
10 32523
22 35330
13 37261
20 90754
22 90208
24 18651
3 70180
11 25853
24 767
1 51299
4 47
19 769
23 83327
1 28912
1 75911
18 26947
17 55838
3 20228
1 172
12 66296
20 52657
1 71079
5 65414
1 8585
9 92839
8 37724
5 31990
1 58843
4 10471
12 42079
15 20192
21 89827
20 83382
7 66437
23 15825
6 39630
3 21545
14 30244
19 13022
12 59523
2 1509
24 16522
25 43128
21 42098
21 58184
19 40501
20 63465
13 84791
16 70311
24 78054
14 4838
11 68872
21 941
19 96506
16 1573
19 58963
3 79255
7 55390
22 52945
3 53183
19 35048
11 69740
3 89807
2 38977
16 22212
19 53489
19 45255
14 34729
2 92540
11 85553
4 53155
7 22219
21 6184
20 66185
2 23360
19 7
24 90090
17 56164
9 67451
17 12830
22 80744
17 16412
16 73812
9 37081
20 12548
8 90609
24 55900
13 27453
13 38170
8 98382
8 22496
22 54818
25 92175
13 31652
11 43807
13 90439
13 34285
16 71716
18 12211
23 16564
5 33586
9 69637
24 21503
20 68509
7 80004
6 57530
18 13448
19 38285
24 34399
17 83305
19 65482
9 94863
9 53577
16 86472
19 18381
20 1150
24 51578
17 57553
21 67736
14 32747
13 83539
3 48712
24 68051
12 28579
8 63487
4 28153
11 23297
8 28468
15 52367
20 95887
4 62758
20 77731
23 77647
12 3426
15 25976
15 3870
2 70830
12 44999
14 5655
11 95457
9 34187
15 12859
4 22312
24 38256
3 73054
19 34261
6 29546
18 88699
3 55012
5 32688
5 73718
23 89762
9 82282
20 80907
16 56888
16 59343
13 88662
10 38426
24 76837
9 6197
15 97336
11 90942
10 42992
10 53530
19 880
4 34343
19 92095
11 75315
22 49793
23 70856
17 52432
11 75411
11 60885
17 9908
18 30460
21 64563
9 81849
24 91285
14 18653
4 15365
19 73341
5 73171
23 48402
8 263
20 94900
12 52627
19 36787
11 42665
21 6037
18 11113
4 1061
17 36259
25 18816
19 2610
24 39666
9 12594
12 63263
15 26935
7 3611
4 62014
8 51923
22 55816
21 7043
22 38023
18 54897
13 4312
1 50834
1 156
15 21689
1 65156
5 58016
2 75433
9 11187
13 48591
9 44893
19 43483
6 16108
2 95295
12 76651
23 75398
4 93240
17 54947
14 81307
7 81419
4 35795
13 48039
12 20810
12 47512
9 49218
9 53492
12 43135
25 65922
6 16773
4 89666
16 64188
8 89781
21 66229
13 81335
2 53358
17 66846
23 73979
6 30213
3 21542
21 32454
6 67926
11 31597
8 35464
1 66755
21 15454
19 4719
22 7132
17 46321
5 7811
11 29377
2 32240
20 45193
14 77251
20 6420
6 76363
10 65455
7 8236
3 84675
6 32762
15 2406
23 29044
21 21891
16 628
5 74410
20 95112
14 72265
10 57595
22 72512
25 429
21 18152
20 25354
23 9872
1 78321
25 88518
7 52188
17 76133
15 77945
20 31718
25 61258
16 26763
17 27829
14 35188
13 38478
24 62476
23 22783
15 9608
22 58792
2 78799
19 95502
10 80141
3 74695
11 90863
2 59208
18 52300
11 15811
14 63500
5 32628
19 45041
10 73373
9 1721
7 83679
24 8648
7 68422
13 81653
14 53139
25 69993
12 27555
8 27019
20 44676
1 72748
3 15054
17 61229
7 92537
15 5130
9 95215
13 90166
7 43227
13 32753
24 23722
17 95752
8 12524
25 79165
15 91872
12 45354
3 4135
4 21650
1 72498
18 47126
9 1337
2 94881
8 41410
25 6357
6 67921
1 19981
11 73180
9 62903
7 19779
7 1593
3 35105
11 14785
21 53452
18 60524
22 28171
5 58021
3 42963
20 94544
5 48850
18 97789
7 41287
7 84923
20 70556
1 10978
12 47750
23 91270
5 68587
24 65221
8 27721
18 2274
19 37385
22 24476
8 95896
22 34904
14 73938
13 96244
12 99527
17 99661
6 26157
3 500
3 62899
20 74447
15 30045
5 65400
15 79410
2 54648
11 84508
23 79869
17 62554
16 71983
18 37606
24 58123
5 92160
18 99725
21 83103
12 96223
2 17201
20 86848
15 91120
1 25717
22 1505
16 88699
15 21731
21 94476
6 23691
19 86754
18 95332
6 29774
21 67672
4 15051
15 18600
9 63714
23 65038
22 35868
13 89883
21 26057
10 75651
24 32234
15 32840
9 34552
25 17790
15 9840
24 32162
14 37827
7 84157
25 25936
17 70205
8 90937
4 5092
18 87787
22 88359
6 68629
6 45302
19 88280
6 21982
16 46414
11 45457
1 71228
19 82728
15 4527
15 44962
3 43996
22 87099
21 34834
12 47241
6 79975
22 55045
11 55795
12 13859
12 78531
25 27440
17 65524
22 98817
22 74972
9 76271
8 88061
17 59332
17 18123
10 6357
15 92906
12 4455
20 58096
16 72426
11 92904
25 67823
1 11817
8 60395
4 50568
12 15906
14 98900
5 6655
23 47898
15 28055
8 65444
20 54212
14 99794
15 9687
8 38320
8 69502
17 16123
20 24929
20 77549
6 68704
5 42540
25 60068
22 19325
2 27391
5 35114
18 54106
1 27273
10 72334
20 48866
8 57770
20 94527
1 79301
4 45272
8 7302
2 64186
11 25663
22 48825
12 24350
5 60745
7 71654
1 7727
11 78289
2 50074
17 69090
2 38795
12 72310
4 70514
6 21400
8 61651
10 39591
13 2684
3 43781
4 52278
4 60892
22 70558
25 97305
2 71028
2 39888
25 91413
24 95819
8 45140
23 97584
24 17205
5 9447
15 10874
23 72122
1 34959
14 13543
9 45311
2 35327
18 18764
2 56908
22 42914
18 62306
5 50919
15 48100
11 16933
15 15429
23 54852
22 83678
25 30706
13 29036
18 7343
17 67190
8 88968
8 6173
22 22672
24 92751
3 44222
22 63708
14 26239
1 92023
9 98255
12 87141
9 60248
2 68437
25 3886
9 81437
5 89035
23 67477
5 97015
22 29227
4 96610
18 56865
5 14055
23 92675
10 93993
14 15456
14 74822
3 20367
18 78932
15 54697
18 35965
18 45538
5 15568
10 21452
13 45015
19 86960
2 26629
22 56043
22 50120
23 88835
15 15736
18 4315
11 45567
8 61002
21 62396
22 7577
9 58140
1 5800
11 57258
7 19219
8 4414
6 42914
19 70213
13 21861
7 74058
21 68521
3 68912
15 43837
5 19221
23 10081
1 30291
22 98864
18 55078
2 63083
13 12665
9 97712
14 1622
9 21091
14 80982
23 5696
11 21774
20 35405
14 2810
2 44843
25 35893
2 65675
16 57635
1 64532
6 17756
12 7786
6 27048
2 29461
22 2095
18 10353
11 58404
1 98748
12 58773
17 16148
3 19524
2 95015
7 13657
17 89784
16 87020
16 87259
1 21288
8 17992
7 35823
12 36363
16 19419
16 93815
1 22498
16 77056
14 20489
25 21044
22 79908
15 35160
6 20128
24 235
20 65819
11 3951
7 27761
11 82617
23 33021
17 28454
24 49387
4 3237
14 13543
9 71520
22 77616
1 29664
2 34532
14 60482
20 69050
7 87573
23 8393
9 38256
1 14064
1 49547
3 64743
12 67674
6 29085
23 98421
10 16783
5 62918
24 26446
4 1498
22 79643
5 46851
16 41874
15 56955
4 83299
15 58089
22 24719
25 98789
19 47619
8 56639
23 20976
18 71607
11 12137
6 1931
3 4193
9 11604
8 38117
8 2073
11 34341
16 95049
23 25494
1 58150
7 49719
19 40613
5 12262
7 52411
12 21976
15 76862
9 48905
12 54157
6 29332
4 11250
10 65421
9 42156
15 28064
16 61924
19 73545
19 67439
21 27351
23 38695
5 71730
13 5267
11 97540
5 84482
6 45474
5 70130
20 66926
19 13559
13 80567
5 92587
1 87112
4 7947
17 31837
18 81783
1 72039
2 58266
20 14979
23 22467
1 40745
4 60379
8 14025
6 80347
6 18961
7 4152
7 22067
11 14595
6 79589
11 15677
15 57776
2 21349
2 27164
14 39252
20 25319
24 57026
21 56368
2 70480
8 10241
18 15278
9 39677
12 76798
6 28896
24 56422
13 24217
16 66760
1 73997
7 13168
1 42907
24 94420
4 23876
22 21482
18 69972
10 10123
17 8015
4 50393
2 75901
11 94049
6 46445
16 29593
21 61919
15 33820
7 5576
20 98653
6 79073
5 32523
22 38045
23 26666
25 61986
19 58447
5 99153
10 76176
15 32376
20 72894
17 57477
9 10188
9 52401
17 97360
9 42230
20 66115
25 32928
18 6444
25 94949
4 45472
2 26788
14 57789
22 18086
7 93150
13 62096
4 95398
8 38088
6 65108
19 95732
24 87652
19 25529
9 8291
10 92029
2 86343
24 39894
6 1624
21 56784
16 18078
1 91576
2 31891
10 81640
11 44350
6 38660
6 3344
8 78928
15 51630
24 61099
17 4854
12 12054
10 57797
4 79829
13 83450
1 51496
13 46231
17 13417
20 98052
16 11497
24 63902
19 89821
20 52250
20 47535
16 44791
18 55836
16 29940
16 19640
17 44948
16 51800
13 82648
2 51637
10 545
6 44152
2 42379
9 41404
11 45221
6 33401
22 58812
2 2208
19 48083
25 80103
19 84661
7 40209
17 58646
9 16408
13 58055
18 98201
23 70093
4 35771
16 55734
17 20678
10 37128
11 78387
6 15913
4 20295
12 9801
16 54945
1 54632
18 50802
19 69595
5 76268
9 24422
20 16536
22 79119
7 81426
4 89112
10 73545
15 81744
16 81885
23 13609
21 2419
16 12487
24 64294
12 92484
8 57913
5 6494
20 19464
18 66176
24 25433
8 16432
2 90129
4 98660
13 39472
3 75135
18 55071
1 15394
22 44058
23 64816
25 92175
15 25387
22 317
14 79186
4 88005
9 76195
4 71206
16 89799
7 86468
1 15700
13 38502
9 52956
15 94152
17 59471
4 32130
24 18496
12 84912
3 87567
5 76908
15 26802
20 71286
21 19575
23 86773
10 5343
19 35309
16 41744
10 61584
7 1097
23 36323
9 85022
13 66575
9 10162
10 38339
6 77829
6 99524
1 90900
1 24539
10 22400
3 75738
20 71934
16 91502
2 68519
10 85907
4 91326
2 40723
8 83476
9 6933
1 28269
20 10003
20 42074
22 70785
21 13618
12 12298
1 85512
22 21474
25 30586
16 74593
9 22980
15 15228
10 41933
5 94389
8 74781
24 43931
3 4988
19 56371
23 80819
17 86920
21 60812
25 76847
21 23282
23 21207
7 8849
18 68526
22 37336
1 45208
14 3375
17 43221
20 8670
10 96062
16 33098
16 95043
20 81717
8 65604
5 70202
12 31686
20 27375
21 45093
12 206
22 46354
16 44063
1 53743
19 68924
23 47929
24 90934
20 31166
20 7884
10 91951
19 77075
11 98787
16 24519
11 79980
12 55524
24 20304
25 68469
11 19942
3 95931
12 16293
7 10306
4 65000
8 34691
11 13018
9 94030
15 73570
15 26377
2 30525
13 49646
10 58023
8 45297
4 40108
16 77166
4 14677
3 11016
23 46220
10 38347
16 52647
13 36653
9 72902
8 17512
8 64127
3 23799
17 59815
6 37766
19 3688
22 52869
5 97954
1 43945
2 69176
24 42724
9 60115
13 88622
2 1771
7 78398
10 6199
19 82496
4 47803
2 30733
3 68426
6 95504
18 49891
15 16788
4 46551
2 19963
5 59988
22 74812
13 68132
10 32092
11 91914
15 52637
1 93966
2 13229
3 55945
25 33302
6 73731
16 17072
22 43042
13 46748
1 81949
18 94281
20 51307
23 41403
15 89320
24 10757
15 72221
11 14489
21 49519
10 20934
25 79269
18 24885
8 6536
19 82414
9 86508
15 37357
23 52625
3 23259
13 69675
15 72006
19 91952
24 98292
21 67393
7 57743
2 90016
3 95709
14 5070
21 13629
6 13919
8 80351
25 9065
21 6905
23 93564
21 84953
8 3691
9 61541
5 58865
2 85699
25 8644
5 16134
11 33038
2 23415
19 79427
16 54977
5 87054
11 56726
5 58356
7 61136
21 85337
7 58506
25 28717
18 65351
17 77783
12 91946
8 89663
6 89607
6 18170
10 27573
6 94413
25 9182
19 14049
8 87544
7 19350
13 82017
20 38189
18 28542
15 56586
7 19229
18 56654
4 99615
8 47564
16 95593
18 53584
2 36263
23 296
22 23828
16 57775
19 77123
24 57799
25 41507
7 1117
4 14566
15 10307
13 84430
13 63980
24 15545
24 68847
24 45271
12 87622
16 74011
4 42754
18 41348
13 58699
11 81234
8 88692
12 40327
4 95952
15 25351
15 23774
22 17698
24 94151
14 56476
4 20357
19 44846
15 5377
2 78689
1 25076
12 31549
9 62717
15 55249
18 69714
12 71728
7 76444
17 38341
1 66475
10 66278
23 57776
22 59695
7 5236
25 21808
13 50276
22 43407
15 95371
10 49123
12 73983
7 27282
2 19706
6 10262
6 12341
11 4037
16 93192
8 87942
18 97014
19 18680
5 43883
14 76214
8 70660
15 83408
20 58776
16 16174
17 32746
6 96335
14 62115
24 25553
5 98474
7 75398
9 18717
25 96006
23 25908
14 43745
14 79910
22 56946
13 91367
9 27964
11 14660
16 29735
14 18175
15 55444
7 93458
24 21062
3 88835
10 62230
10 17551
4 29347
9 95715
15 47683
25 11102
5 62988
19 10315
23 37269
11 18836
25 94285
7 76197
15 39820
8 76774
12 97862
8 55663
3 10589
17 48618
7 47428
10 85241
4 56411
22 45370
12 69693
21 20084
18 44332
5 70764
13 79272
7 72329
9 99999
5 60086
14 43403
1 73523
20 7164
9 4966
9 50313
11 16169
11 44616
10 81709
6 80052
7 54496
10 21875
12 25757
13 1632
15 69506
9 99980
5 19852
25 45284
14 28390
24 8682
20 88477
19 23687
20 93394
25 96398
12 16156
2 964
16 60200
7 74227
9 32194
14 33305
7 30915
19 40374
8 29428
23 30023
6 51731
10 96295
13 9576
12 8879
13 70354
6 90915
12 72748
19 44506
11 93250
12 54216
10 93720
25 33762
20 47827
5 6548
8 52520
10 26824
2 79587
19 54982
21 11932
16 97876
22 39362
13 13029
15 59477
13 54203
9 40693
25 5064
6 56458
5 7515
6 92431
17 41768
25 61644
4 56347
12 36651
11 77934
2 22172
24 53350
17 46939
21 88947
25 49248
12 56295
12 67143
1 27284
6 21215
21 86644
5 95663
22 45346
16 81583
21 44483
1 45358
11 95958
23 24585
23 53668
5 34145
17 46869
24 85834
10 36010
19 86371
21 70574
13 80686
14 38314
8 50039
14 95780
25 57844
12 61113
23 59960
21 31864
1 60825
24 62920
4 1911
25 2631
5 14839
21 38831
2 57883
10 50707
7 81665
15 97294
23 37489
8 98904
7 50111
22 83888
4 25610
5 79866
22 54626
18 25936
24 1371
21 70349
16 39646
6 96766
4 8502
19 91433
1 12249
24 23475
22 82184
17 61028
9 50709
17 86993
13 62447
11 9972
22 61503
23 88301
4 49195
15 98064
9 2382
11 79619
25 78950
11 91367
17 14050
20 84396
19 28375
1 87087
11 28056
12 54916
9 74673
19 97378
20 43462
5 41381
10 67920
4 28390
15 89872
14 71258
9 95431
24 15888
7 19393
21 62754
5 43220
9 3781
20 95121
3 21222
21 84640
1 76868
7 68704
10 92339
8 51283
19 84150
10 64594
21 70883
19 66214
23 14031
7 13534
8 88933
15 44616
23 7723
22 2883
9 32317
12 91927
9 22202
20 36336
22 59157
21 54552
14 79031
6 20639
2 19301
7 3213
1 60381
4 21857
25 98515
25 54035
1 38580
15 58784
20 36223
17 57428
16 50515
17 26075
9 90651
14 9858
3 53220
20 64669
25 50189
6 68568
14 21970
25 22088
11 14807
6 74351
16 77221
20 70192
24 96342
24 12429
23 51710
14 72957
18 11495
22 66528
3 34053
7 21869
25 66369
12 46231
2 50171
15 81500
18 56356
6 92678
11 68862
4 12852
18 30229
19 92691
11 42851
24 67042
8 92239
15 56417
20 21658
22 66909
6 41072
9 38545
4 97590
16 19118
2 69470
23 8194
21 71204
5 24347
21 73363
9 97534
9 47562
3 78123
9 44329
11 84239
23 99602
8 79898
22 44213
22 87827
21 59964
6 92927
25 85735
18 84980
19 27587
15 22551
24 67911
7 73917
8 415
4 5431
14 40124
14 42900
18 70530
21 27342
13 93658
21 22950
19 43052
15 12083
19 4539
2 29851
1 65128
19 49093
16 76504
7 25522
16 76332
10 52345
4 57919
6 53829
12 16816
10 68104
1 31492
13 30923
25 54534
2 74114
17 591
16 95185
19 17866
14 37806
18 21001
16 46835
14 44972
25 26096
3 51964
23 32310
19 86202
2 84355
13 25293
15 53479
21 20900
10 27131
2 56434
25 6756
2 74909
10 8190
5 46263
15 82225
21 50131
23 62475
12 47480
11 77818
18 2449
19 37536
15 94396
2 8648
3 29350
4 57032
11 19973
11 16568
1 53579
17 83866
17 8919
2 10034
10 14136
19 75540
3 60683
19 89344
19 973
2 49312
22 61166
18 37348
12 94685
11 99712
14 86990
9 80686
2 97551
25 36032
23 91137
15 51649
13 67237
12 32326
17 43801
10 5732
6 89498
14 7531
19 27267
14 74961
1 51202
2 78271
6 8664
9 62066
3 4
10 51926
23 39395
11 5592
25 2001
17 52546
21 55094
18 71011
19 33694
25 97181
8 74933
21 47917
11 69590
15 65214
25 24092
2 58390
16 51764
24 28276
20 28247
6 6599
18 52711
19 33304
12 53875
4 24725
10 67825
7 56345
18 93232
25 95278
20 98823
23 69668
6 17806
25 54898
12 14444
14 89759
9 49096
16 9701
12 99757
20 98796
21 20527
16 17264
8 30393
6 57162
17 29343
1 15315
10 33055
23 49580
13 2295
18 2216
2 18596
25 32462
13 23962
3 99307
2 99031
1 75025
24 1524
9 50201
14 24784
19 11777
2 64820
3 37097
25 3516
15 48930
3 25523
5 19193
25 86849
2 92333
14 44252
10 23287
10 36322
13 89501
6 79450
24 41619
8 4906
7 3308
6 16864
8 17065
3 95402
5 59935
21 3450
11 20732
13 82056
15 38643
19 34528
21 52053
5 6712
20 95949
17 68019
16 16446
3 85844
11 41793
22 64592
21 60621
20 89778
18 10259
2 77550
12 70618
21 80439
14 92440
7 41279
25 62641
16 18967
7 24020
19 32095
18 21784
12 79496
3 45153
22 306
7 68707
12 30461
18 75215
6 97330
10 59354
1 69735
22 70007
7 46689
22 47794
14 24933
11 53995
2 32712
11 67246
19 55219
10 45149
19 5764
4 9386
4 15926
6 14977
4 27852
20 6993
19 72335
1 51321
8 7406
21 50042
16 73934
8 16492
22 97088
24 90284
7 25478
3 18336
1 53448
22 14426
19 16192
24 36786
24 82252
13 90969
20 93437
4 73505
24 18313
6 20785
22 92162
19 17175
9 13654
15 46519
16 56486
17 42021
3 32834
17 882
24 14723
24 82154
5 79257
7 98928
5 94180
12 49291
19 1296
1 4379
14 87071
4 86457
4 52065
11 25081
6 3850
16 75223
3 1662
2 17677
20 75315
3 39073
4 25707
3 6562
8 89800
15 10472
5 19016
22 47209
3 76777
24 54212
18 8226
1 88932
9 73215
4 64626
8 62204
7 17183
5 33999
9 79226
7 24074
17 80440
12 72764
15 76362
6 13676
5 31780
13 44448
7 49480
4 74306
11 40205
25 5910
11 75539
11 62537
8 51807
1 15929
19 20185
3 4980
17 5840
13 60922
21 47253
22 70792
18 35796
18 17698
22 25172
18 33760
11 10533
9 89591
6 47849
19 22807
20 95567
3 77280
3 12627
12 84720
4 39581
24 70648
12 22871
25 7960
2 16238
14 72987
25 7779
17 81352
5 76379
12 93887
20 76984
14 86505
10 90682
19 72142
16 52536
13 47778
8 87856
24 14987
19 45833
14 88630
24 18452
18 65008
25 72081
2 68167
22 99371
24 31043
5 19866
2 96731
14 19145
8 44413
23 18412
13 54348
1 9062
2 26795
3 70103
24 60872
3 10228
1 81087
20 40848
1 71637
18 91636
3 41565
17 25867
8 97467
1 99313
6 44694
5 33476
11 72854
13 41634
21 6889
1 54454
17 21147
24 40884
24 20575
22 9556
2 90558
9 6126
11 4865
6 92770
9 59844
7 7483
1 72186
23 52880
10 37469
5 56877
18 97188
8 80917
3 3074
5 25343
14 99246
7 96084
1 65108
9 51955
24 74904
19 47724
24 33416
13 24478
22 41582
9 75911
15 30633
21 36798
9 78858
19 98245
18 91205
20 53223
5 78685
25 15429
18 21872
19 34729
8 40841
23 53199
5 22423
13 7228
4 74960
15 83200
1 90575
25 76934
4 95457
25 90368
11 59790
7 22911
6 20688
15 79408
8 43854
12 21878
20 12671
22 37947
12 87065
8 85351
10 18683
24 98930
11 43833
15 14191
20 1081
8 69848
7 36546
25 650
7 66658
4 21369
18 65503
5 32990
14 31875
19 52955
23 69771
10 82736
12 85289
6 78038
2 62771
20 79670
10 33506
5 96337
5 91429
1 4621
24 41991
6 45895
8 92727
4 55138
9 7060
19 52407
15 46468
22 64123
24 20385
17 18430
10 48098
7 76504
16 12334
18 20038
7 50405
2 14023
5 85480
10 3511
21 47918
20 83221
11 74609
2 99635
16 2849
6 6690
21 94546
18 98180
6 36392
14 82685
5 62137
12 50154
1 34215
14 3154
8 3704
17 90395
15 39969
20 85285
13 84320
17 98080
24 35647
3 96630
9 20206
12 37741
23 32615
14 78900
16 60601
13 48353
4 22146
7 497
13 50425
13 73079
23 59291
10 92863
3 10053
15 47250
15 78898
8 50734
5 93551
2 87155
7 67634
17 1362
6 11673
19 47220
6 40805
24 72799
23 30980
23 38161
21 97837
22 16306
7 85377
3 23673
8 55218
6 62975
1 61419
12 38252
21 80741
18 19640
7 43703
11 93717
25 77881
7 34155
6 31680
19 67009
1 94120
5 85112
10 64209
23 86856
5 52065
9 76089
23 13190
7 61865
11 27174
11 39494
10 32587
22 17636
17 20920
25 80086
12 74198
9 35471
3 3230
9 13259
4 6464
10 10245
18 23015
5 78157
12 97682
7 70032
5 10633
6 30705
13 49918
20 25063
16 21094
16 46627
2 94969
10 38579
22 91856
8 89539
4 88695
11 37176
2 14027
8 24186
22 65046
18 3207
9 40801
22 79908
18 36124
6 16827
5 81968
22 94405
25 49585
4 40257
2 58308
17 92888
5 39741
8 61837
14 14715
15 82693
6 33660
1 42461
18 15866
19 68424
9 98613
12 31963
21 73272
19 17721
16 42183
15 48029
12 77530
12 32720
10 1369
21 35223
10 34616
24 7285
12 82023
24 46697
6 30036
6 75090
19 34924
13 16165
15 69668
19 78634
1 79846
5 12725
24 71124
4 14256
3 13921
22 96094
21 4462
2 33243
1 65649
18 14850
20 6062
10 4097
17 80864
9 15247
14 14523
7 66043
13 51996
20 53189
22 2371
20 28859
10 26957
21 26930
2 2445
15 99102
3 58965
11 73098
6 52757
20 37812
14 83654
6 93597
23 8675
11 79765
14 34788
14 5984
21 96246
18 69364
13 34899
22 34891
6 5493
6 93236
2 22202
1 87068
18 47515
17 14622
13 79
3 77634
24 24206
22 39624
14 20501
13 102
20 84439
7 70412
22 37677
20 57771
18 65534
17 25437
1 93290
2 99042
8 43829
9 31754
25 19626
15 24267
13 43208
2 19527
11 71940
4 56669
22 75379
17 73781
1 26372
16 94957
10 10766
2 23497
24 4754
1 90167
19 3814
24 73118
8 12632
20 14350
15 21554
21 6548
22 1825
3 13653
4 49245
13 18716
4 93862
7 63386
22 71930
11 54793
15 25608
21 67658
15 55723
3 62131
20 3426
23 71143
7 77670
21 85011
9 77187
13 75568
5 77995
3 57265
13 70466
13 78501
23 33578
18 72866
3 28249
16 77008
10 76470
7 39553
23 68477
12 3762
17 6299
19 45570
2 48761
5 88187
2 70378
10 94608
9 84587
24 60210
7 10339
15 89006
13 80350
15 39194
11 99145
1 66317
18 59536
10 75642
16 17278
11 19295
4 5384
10 38244
10 41957
22 54390
2 48360
18 63839
16 48196
4 68830
20 61760
11 12883
11 45538
22 51364
19 51781
22 97993
1 99299
6 36748
11 53388
12 78142
25 10128
20 69054
12 68294
25 36093
22 50746
1 53868
22 6391
16 81643
16 83658
21 4471
19 16962
20 48255
23 8685
24 12071
22 20992
8 75662
11 14140
22 95172
10 80915
23 96012
17 30480
20 8143
6 69119
8 66143
4 10249
24 14086
3 21545
5 13556
12 83157
12 52064
25 87701
8 88667
24 60114
25 53775
14 13415
23 40928
3 85042
11 89753
10 17675
7 61369
14 58311
9 50160
6 49858
3 59169
12 80605
9 90268
22 38695
10 64813
21 91061
3 95691
19 69293
22 77420
19 98508
5 47454
23 49540
2 98822
14 29624
6 91977
6 52232
15 21972
21 42855
23 46049
21 44230
12 66253
17 81906
17 91869
24 39000
3 77275
23 67648
20 42240
13 33842
17 33732
6 52261
10 80988
1 18150
2 28898
16 84440
6 8677
3 64028
22 19343
1 59501
1 48718
6 35586
2 58441
5 53200
15 93929
14 78245
2 57261
8 63110
17 98641
10 74388
22 40400
3 6371
24 46410
2 76672
15 89352
15 47652
7 48435
9 55340
15 90987
2 56140
7 52741
15 20849
10 33712
16 15396
5 69216
17 8161
25 18902
2 34904
13 40577
6 34003
23 80169
6 37132
8 14340
25 63440
10 28058
3 18946
18 95881
10 47085
25 62735
4 11197
3 87654
4 15270
5 22259
16 85310
16 44656
3 40511
4 59008
9 80704
23 1204
25 4592
16 61833
3 51876
22 49123
1 31602
1 66534
20 58966
9 72391
12 73239
7 22215
24 50646
23 68359
18 57732
1 6115
20 13139
12 10585
3 38680
22 4483
16 84228
9 33388
9 5171
7 2075
24 56049
24 43189
12 39470
17 47855
10 15523
2 86717
20 33642
21 89477
15 96238
19 31158
19 1406
8 94126
18 40618
22 36333
12 46572
25 98293
23 96204
7 23969
21 74378
4 54069
23 94878
20 74154
1 57052
1 64528
8 88848
17 4047
3 89935
5 25784
25 42244
2 8925
1 99495
3 18297
19 2123
19 70641
22 89542
2 15003
21 97738
12 63576
14 37001
7 98855
9 41885
23 13157
12 73545
9 7344
20 33160
17 87028
23 14427
24 46580
12 82950
20 23940
7 20845
11 42521
12 15998
19 30451
21 7153
10 21908
19 18351
4 509
22 29263
11 40509
19 31539
19 37983
2 15555
18 1224
4 16800
23 87252
14 26622
14 29656
10 38182
13 1891
15 55187
21 99703
2 38354
25 6566
23 2517
18 26759
14 5951
9 32193
23 92655
18 71107
15 58280
2 29453
12 10804
22 19075
23 88217
5 90731
3 77199
4 34532
15 49128
25 35570
22 92776
19 98308
23 76623
9 39699
6 17985
9 78111
6 71005
10 12735
18 71059
1 96528
11 89204
2 54618
23 57087
1 89669
22 20053
21 45875
2 64196
2 74059
19 41719
11 51770
15 88185
19 64330
25 85125
1 45442
20 71942
3 9310
16 52183
3 80086
8 70955
9 39078
4 62674
21 65272
9 81264
24 40563
24 28600
14 27479
13 91170
16 4273
21 79836
7 59901
11 43036
5 9716
11 89905
23 91640
17 16501
12 42117
15 75720
24 31330
4 69445
19 57975
21 70100
11 65285
4 98021
24 42075
4 90904
2 15252
25 2096
5 23501
8 55603
19 85843
13 67414
22 43250
11 15125
12 56721
11 822
6 91011
7 5792
10 99619
7 79883
12 53705
18 43185
11 25283
3 3196
23 43332
4 6759
7 90390
4 52768
5 96749
4 89046
12 19555
25 4746
7 64906
25 8260
13 22465
13 49858
2 34166
16 8142
18 11260
19 9873
8 47250
23 93874
3 48196
14 61417
1 16404
13 77882
10 78712
7 3474
19 46369
2 34364
23 29939
14 29900
15 9712
18 86366
7 79760
11 93268
1 42122
22 74239
18 26475
3 71389
16 50231
9 79297
16 14175
24 72821
22 49542
14 1518
8 93874
25 42711
17 75045
2 15098
9 25503
16 55278
8 32104
24 50703
19 50823
6 4281
5 80175
18 78235
18 92359
7 27798
9 66956
16 88949
22 58400
2 28632
5 55531
22 741
7 59183
14 76691
23 12093
10 35443
12 64302
17 4654
1 46820
11 41943
11 56445
6 33259
9 25489
21 63976
8 61529
1 87540
15 94400
10 76390
20 60303
5 90339
13 86186
15 38733
10 11517
12 44426
12 99095
16 39989
14 41714
6 39549
6 67323
13 33273
6 81732
10 45744
17 64958
13 84341
19 55002
9 79238
5 11137
8 82717
9 47704
20 52268
8 68984
23 89281
9 15874
24 43141
18 55899
15 19142
18 9528
17 47875
15 7789
25 83619
24 18891
9 99733
8 64815
24 40172
15 72807
11 67997
9 71227
8 24089
21 44396
10 72288
12 6876
16 60780
2 44059
6 73785
4 92969
15 82493
11 4886
12 29644
10 39659
6 98283
8 90564
4 21972
11 28033
24 91061
23 80846
8 97664
16 44088
24 40552
2 14676
13 80439
5 7267
22 95997
14 96034
8 41408
18 61137
1 47411
9 92585
17 39488
10 18783
13 69245
24 82215
19 68006
22 80500
9 35257
3 27523
10 68811
9 66352
17 28447
4 83352
15 228
15 31200
16 94862
3 67438
12 70171
12 54740
9 15108
13 49251
22 70765
10 24165
17 92399
22 37112
23 75777
3 52006
18 80966
19 68656
23 87211
7 96743
1 3656
20 34730
9 42371
22 78753
18 32557
10 91795
3 17745
12 9183
22 31459
6 42912
3 91011
24 74325
6 83997
12 92390
10 47519
1 43060
11 56298
23 4186
16 42559
20 89967
23 67954
22 19107
13 55750
6 51657
8 70158
6 10926
6 98877
25 58928
6 54828
18 86466
17 63510
10 12300
10 43547
23 59735
8 19719
10 93527
9 30140
8 55203
7 2228
8 30647
4 75734
12 20280
3 45328
13 59164
17 80110
10 52086
25 52883
21 46927
20 78185
3 68589
20 14743
4 75289
8 35453
21 79184
18 5915
8 94133
7 41206
14 34795
22 29797
4 93321
3 23372
10 62583
23 91823
8 58172
4 33787
1 15329
8 14828
15 1523
3 77748
9 90569
5 32480
25 89965
4 86648
6 99577
20 22091
25 6829
13 57547
25 91248
21 63145
16 19497
12 8491
19 60981
13 32868
1 43623
14 23415
23 99629
17 75172
3 21828
3 85454
5 62597
12 4289
4 59471
8 22489
3 64162
2 29438
12 85047
22 13767
17 27104
4 11849
20 27810
19 31401
5 42716
3 90459
8 30191
25 15611
11 21271
9 37633
12 37587
17 7493
3 38030
1 31214
6 33107
24 88184
10 4869
2 54243
12 9847
23 98227
3 22596
13 58676
7 98271
16 35966
1 94045
4 54425
12 91283
5 58810
9 3013
17 10044
12 34561
23 36187
2 89141
19 76404
16 74735
15 28009
5 73782
20 69672
3 82984
4 87499
19 16974
1 74920
18 96638
13 12176
21 10560
9 56711
7 46350
12 91856
17 37561
13 87963
17 61430
4 27477
11 52864
9 33448
3 70907
1 19588
7 65306
14 49222
4 42909
15 50322
3 26236
16 84349
10 29925
14 7686
22 54631
13 96221
20 12544
11 25996
3 53845
13 15807
17 59232
15 41283
12 65
4 24176
24 44740
23 85498
10 7560
15 26591
22 94707
11 68348
24 790
18 35541
14 49054
17 20582
13 48467
13 98999
10 61724
24 97571
1 39631
24 35265
11 79369
2 66994
24 6835
8 60712
19 66546
5 29464
22 26504
5 21749
12 70011
21 45925
19 51549
12 67358
15 39678
20 70650
4 56321
9 23505
11 48834
16 13656
18 98978
14 55771
7 81172
7 81374
24 31340
17 31524
17 77242
21 69409
10 11315
18 17957
24 57877
21 6197
23 97974
15 77337
13 67180
3 71407
7 34353
18 45762
1 2657
11 37907
12 48053
8 6792
7 25062
9 11127
15 24728
16 96245
9 65546
4 64633
7 34533
19 99521
2 72668
8 95767
25 16605
5 27752
14 66871
21 50150
14 51667
18 84123
14 94979
19 88905
5 77823
4 56694
6 2313
1 97401
21 29624
18 99036
2 64979
2 59372
8 5490
17 85029
6 49937
9 45216
13 93558
5 49126
19 95400
10 88320
11 11034
4 48443
22 29163
24 48230
18 37139
25 7969
8 67425
18 84495
13 44706
25 35244
6 61693
10 90015
6 60531
11 15840
16 86341
22 57718
15 9534
17 25945
4 84396
21 79404
14 22822
20 23409
25 14150
14 563
14 14730
25 3561
19 64142
13 80024
23 58910
4 31131
25 29129
19 28238
3 18558
11 84607
10 64586
14 23033
19 10845
14 74348
12 62343
21 26677
5 10643
21 20795
21 14914
21 53056
23 23614
2 4088
18 61115
19 58825
16 83743
23 21438
15 30534
17 57326
8 55394
15 13569
2 29443
12 79133
11 44968
12 46559
22 35723
6 28029
5 52241
13 60412
12 95378
13 6255
1 16456
7 20694
22 38228
14 7853
10 37250
21 34544
14 55345
25 3942
6 75499
9 17410
21 5820
24 68736
14 64150
14 21818
18 45430
12 20152
11 84125
16 64518
4 94799
11 73822
14 85370
8 13326
13 89608
7 34347
4 58133
9 19992
12 80455
17 72615
9 84543
1 10423
13 74929
6 63009
25 25575
24 68591
23 39480
2 79343
4 23472
7 75447
1 3662
4 73345
21 24703
1 89182
25 34332
10 84517
17 53547
15 78146
7 72380
17 55206
15 91357
14 42770
18 49559
11 49701
17 41613
25 87808
20 28013
22 1203
3 85812
4 31230
18 30064
1 35478
8 60295
22 61096
1 50843
4 45030
19 9080
13 76739
5 71339
17 12624
21 92774
14 75579
6 14455
24 7983
22 58660
8 71912
5 11634
23 6485
7 2012
2 58975
13 72644
21 3694
2 73744
20 50647
5 76095
14 24553
12 14441
7 64089
3 23272
4 51057
18 19879
1 29665
14 22848
18 17249
16 68092
19 39464
4 99078
10 45360
16 63073
24 70758
6 41031
17 21911
24 75187
20 45722
5 35446
23 37627
10 83366
21 13738
25 50794
14 39974
8 49180
23 67622
14 65118
5 72152
20 77845
23 30092
3 55235
14 97372
21 46254
23 71811
7 89868
21 32247
24 3115
22 47335
16 94301
11 38124
8 71261
5 60283
24 79122
2 44183
7 7224
3 94072
1 50638
9 1135
15 98135
14 69536
8 45539
15 89342
13 1044
14 15758
12 57393
20 30195
7 54734
11 65443
6 47538
4 74568
9 19096
24 11165
10 57970
5 67185
16 22157
18 83812
2 68782
20 10724
3 19836
13 39552
19 67745
11 78483
5 98498
15 66662
25 24614
9 49448
8 75394
5 48533
18 87720
22 64572
22 77062
4 44191
21 45445
16 28116
22 762
22 72653
15 20145
16 2856
4 89032
12 12455
22 87102
8 73006
11 72437
24 52669
20 36087
7 73673
3 60589
20 56749
6 18113
4 10668
9 86519
18 25527
16 44947
14 19519
21 34481
10 70687
4 33967
19 37492
21 6258
16 35049
4 15942
18 87466
22 6056
20 20988
17 48309
4 97481
9 49059
21 13318
4 1529
21 4789
18 23733
12 7966
17 11097
17 18235
20 62937
15 82771
19 12786
23 37797
15 3942
17 71723
20 3707
10 55122
14 42424
14 28991
11 96750
13 83861
1 10504
10 94042
25 61001
6 93668
7 33933
10 94204
19 65701
16 46653
24 48472
18 45985
3 70333
17 60143
21 80573
6 41479
6 28407
2 44578
12 22420
16 31196
16 97525
17 90348
17 56416
21 39630
24 73313
14 2425
8 9193
13 74906
1 89779
16 6608
17 40220
11 18824
15 53693
24 76202
15 95098
15 8639
20 5556
11 52970
24 78601
2 46889
25 24746
25 61186
17 27561
5 622
5 21403
10 38602
17 88662
21 76325
24 82652
1 33179
5 31227
5 81903
3 65728
14 39393
16 50075
20 12023
2 55579
9 72954
20 38521
5 18163
22 29540
18 7760
15 36612
6 49680
10 96640
15 23917
23 84654
16 77239
21 4130
15 40656
18 37134
2 34922
1 28806
16 32965
10 17091
24 42348
18 95710
7 55780
12 16031
14 93131
3 91776
14 24548
12 69462
12 21009
8 67011
9 25996
2 63114
24 79967
8 40789
3 57938
21 49940
12 99680
18 55822
8 21945
22 82963
14 2608
13 47404
14 17699
15 94055
22 94081
10 20492
2 12872
17 73722
19 61676
13 52217
10 87353
21 31975
5 45241
15 62382
8 75644
19 45359
11 63878
21 19548
23 56264
16 20235
3 11225
8 75268
1 61982
22 27367
8 55347
3 44064
15 9711
19 87918
6 4586
1 71701
5 73888
4 15920
21 25683
22 59369
7 52172
5 47292
11 25504
1 36317
4 97282
20 10493
16 32702
4 98542
25 13810
20 18894
17 40637
18 56102
14 43834
14 89920
25 97887
5 56625
21 90157
4 21078
2 57673
10 77608
22 51007
5 77915
17 22536
20 5066
15 65011
13 74006
12 45581
1 41125
7 90298
25 48043
11 74623
5 8121
20 66526
20 68096
13 50571
17 41804
11 33688
13 18143
13 96356
10 91201
7 6511
21 46924
1 57757
13 67736
8 28284
1 84211
10 82436
24 11175
20 52931
11 54576
1 48516
19 64977
8 29176
2 43722
15 79028
8 78627
1 85609
25 97460
17 3559
7 79535
22 40493
11 58421
24 53425
16 82067
25 85136
21 70561
11 1698
22 26305
22 14658
14 6557
13 84421
25 64092
11 4977
23 98158
21 64325
16 34959
12 59851
8 74574
8 23390
3 99502
25 76789
11 38988
6 95578
8 22788
8 5676
25 38252
17 76055
20 25370
9 98930
20 5868
20 68233
9 44495
19 77024
18 83307
5 54977
14 73063
13 58188
11 49768
21 5277
19 68948
24 26148
11 15436
13 52737
20 52219
1 34695
25 58334
17 7198
14 32879
7 72938
25 9825
13 85823
17 36671
18 40057
8 18871
1 74974
7 21541
13 3391
15 50100
18 59217
5 2335
9 38680
24 95773
12 78763
15 26312
11 76300
23 6736
12 1695
24 67039
5 2307
11 72409
22 22299
12 29261
24 88132
3 4923
24 21821
9 82314
6 47745
19 7459
14 52993
9 64660
22 46117
19 31877
18 34644
6 27132
6 7812
3 55711
16 67730
19 7451
7 99536
12 33611
18 9105
25 53604
15 85470
14 3302
6 64375
17 38666
3 79215
15 51153
18 86141
10 34623
25 41177
20 67415
7 88983
25 37803
23 95221
21 46224
8 17494
14 63466
1 63426
8 10433
19 28706
6 52151
7 42759
4 66363
19 75225
16 55348
7 72505
10 18541
16 410
10 93072
23 66278
13 99510
9 81927
23 927
11 7443
6 94785
13 84992
7 9229
4 31772
12 68037
15 11648
13 21766
8 46170
7 16580
14 57396
17 86780
23 57292
12 12238
3 11506
8 77742
7 8879
18 7675
7 62341
6 26508
14 51655
6 13265
23 94019
17 76415
23 94586
23 74571
21 85745
6 47922
21 11360
23 5526
18 50133
12 34346
8 895
4 57386
25 71856
20 70298
22 25706
2 28529
18 32948
16 40369
25 76972
7 45185
7 36083
25 20676
6 40112
13 68179
25 62161
4 70815
21 59715
18 5749
17 23533
24 18819
23 27641
5 37535
24 99192
18 6694
22 43128
6 79808
16 63250
3 89108
16 18728
14 47015
23 43036
17 2820
17 30904
10 89724
15 68154
20 49410
24 39111
8 14050
18 96798
13 58905
15 22202
7 12623
25 30690
4 26879
11 5962
13 62201
2 54942
24 42587
22 80634
9 67985
14 64177
1 50731
1 32226
22 59724
6 61246
8 14427
16 36456
11 69688
3 39855
12 71952
12 89157
20 47585
19 87445
16 4851
9 71954
15 92500
19 69641
1 59976
14 77067
8 6933
14 82598
25 93047
14 40042
15 3025
13 84589
19 26301
15 54265
20 16026
23 43138
14 37815
24 66059
18 5110
12 59048
1 25074
2 74213
19 46604
1 53639
25 10372
14 82767
19 49695
5 30529
24 80614
23 80871
3 49725
10 48283
10 79106
16 48560
23 59119
13 65268
18 91901
9 12258
23 81047
14 43024
16 96289
8 98863
24 15885
4 19500
11 64006
12 62208
4 15563
20 88463
12 36735
2 80752
12 65868
7 46428
23 16484
21 50329
7 1792
13 93420
19 38419
3 20759
4 85987
18 98904
4 18718
8 50175
20 5425
2 69215
7 95047
9 75889
8 66321
17 77806
12 2211
23 25607
10 92417
13 44650
9 50576
9 17846
9 56684
17 76121
13 99834
14 25365
11 1539
21 1687
12 45688
25 446
17 27647
25 68731
19 62033
1 85845
17 56380
25 81842
20 66222
1 60251
4 96025
20 97900
2 99979
23 92074
10 66804
14 13272
22 43552
5 393
11 64800
1 4470
21 5677
14 46891
3 69854
2 8570
2 56925
15 7607
12 27515
16 54752
18 99029
8 98329
7 60122
4 83260
7 87746
9 52465
6 87104
10 13129
11 51848
7 75204
15 59556
1 44999
6 75819
8 22816
10 39192
18 10350
25 38823
23 80902
18 76733
2 3477
13 27541
19 40427
5 69832
10 57543
22 65440
20 95374
5 5580
16 51029
11 26053
10 10827
12 17710
13 55917
20 22860
7 35331
16 13545
1 63935
4 93335
17 56351
18 50790
20 52175
7 19741
11 22644
20 69229
19 74441
18 54259
17 82398
6 7422
7 89626
2 41017
19 10943
6 59464
17 63470
23 52602
16 26878
12 51898
23 5005
1 83638
8 20427
2 45848
15 24041
11 68999
16 42871
17 94462
18 20991
3 19248
8 30868
16 10731
25 45393
18 90859
19 64491
23 25774
7 84430
17 33829
15 82826
16 42655
19 67805
23 84229
9 5940
11 15826
23 264
21 94293
7 37061
18 11249
6 58130
21 17615
19 43785
19 27312
1 11155
16 92027
5 42154
9 81574
16 56021
1 87751
2 32419
25 93453
23 72826
11 13389
18 60324
1 17920
2 40870
10 97330
18 2737
17 10269
25 75088
18 87165
9 1455
25 27064
9 69438
12 34675
15 94012
24 93312
21 58586
3 58971
18 15321
3 90971
19 34205
23 5375
11 68972
17 48844
21 77235
12 42609
1 92020
7 38955
16 92406
22 65871
10 62085
24 9477
3 56372
11 98383
7 20601
25 9291
23 15781
8 8987
25 11037
6 84259
7 96597
25 88359
22 55909
18 50279
24 11023
12 51429
14 21431
11 73215
3 73329
12 58584
25 43616
25 10763
8 60934
3 73224
12 14667
24 96344
2 82059
19 98258
4 53471
11 70100
3 36279
22 59117
8 9045
25 87065
20 79309
13 25855
14 70741
18 57591
24 28344
19 91925
22 84056
6 118
17 69290
2 52202
4 95862
9 11349
22 52201
3 47836
15 77888
22 83920
25 86269
25 70506
22 2291
8 26638
11 70672
10 43667
11 68127
17 67370
11 22634
10 23342
18 2564
12 43652
2 88998
24 86075
22 85662
11 11111
6 52664
9 96583
2 72547
2 24755
13 70208
20 72719
6 11801
2 73242
5 2006
6 90295
2 83907
20 71168
17 21201
11 95374
10 8576
9 39486
22 12844
20 16575
3 94769
1 29113
3 99516
13 95002
19 32266
7 67810
15 54786
25 74349
22 48587
19 35413
10 90816
17 18775
12 80113
20 97496
8 31443
14 51121
7 31217
6 52536
3 7074
6 29047
25 20247
19 72668
11 32715
6 1671
16 36186
23 43101
8 55460
23 14284
3 54808
19 30273
15 82780
23 53717
12 88174
20 33832
25 27927
14 51947
20 66278
25 2509
10 33787
7 90514
25 74690
22 18969
23 61511
21 73324
1 97009
21 83715