10
10
0 1 0 0 1 1 0 0 1 0 
0 0 0 0 1 1 0 0 1 1 
0 1 1 0 1 1 0 1 1 1 
1 0 0 1 0 1 0 1 0 0 
1 0 1 1 1 1 1 0 0 0 
0 1 1 1 0 0 0 1 0 0 
0 1 1 0 0 1 0 1 0 0 
1 0 1 1 1 1 0 1 1 0 
1 1 1 1 0 0 1 0 0 1 
0 0 1 0 1 1 0 1 0 1 
9
1 0 0 1 1 1 0 1 0 
0 0 1 1 1 0 1 1 1 
0 0 0 0 0 0 1 0 0 
1 1 1 1 0 0 0 1 0 
1 0 0 0 1 1 1 0 0 
1 1 0 1 0 1 0 0 1 
1 0 0 0 0 0 1 0 0 
0 1 1 1 1 0 1 0 1 
0 1 1 0 0 1 1 1 1 
9
0 1 0 0 0 1 1 0 0 
1 1 0 1 0 1 0 1 0 
0 0 1 1 0 0 0 0 0 
0 0 0 0 1 0 0 0 0 
1 0 1 1 0 1 0 0 0 
0 1 0 0 0 1 0 0 0 
1 1 0 0 0 0 0 1 1 
0 1 1 0 0 0 0 0 0 
1 0 1 0 0 0 1 0 0 
8
1 1 1 0 1 0 0 0 
0 1 0 0 0 1 1 1 
1 1 1 1 0 0 1 0 
0 1 1 0 1 1 0 1 
1 0 0 1 1 1 0 0 
1 1 1 1 1 1 0 1 
1 0 0 0 0 1 1 1 
1 1 0 0 1 0 1 0 
7
1 1 0 1 1 0 0 
0 0 0 1 0 0 0 
0 1 0 1 0 0 0 
0 1 1 1 0 1 1 
0 1 0 1 1 0 0 
1 1 0 0 1 1 1 
0 0 1 1 1 1 1 
7
0 0 1 0 0 0 1 
0 1 0 0 1 1 1 
1 1 0 1 1 1 0 
0 1 0 1 0 1 0 
0 1 0 1 1 1 1 
0 1 0 0 0 0 1 
1 0 0 1 1 1 1 
7
1 1 1 0 1 1 1 
1 1 0 0 0 1 0 
1 0 0 0 0 0 1 
0 0 0 1 0 1 0 
0 1 1 1 0 0 1 
1 1 0 0 0 0 0 
1 0 0 1 1 1 1 
8
0 0 0 0 1 1 1 0 
1 1 0 0 1 0 1 0 
0 1 0 1 0 0 1 0 
1 1 0 0 1 0 1 0 
0 0 0 0 1 1 0 0 
1 1 0 0 1 1 0 0 
0 0 1 0 0 0 1 1 
0 0 0 1 1 1 0 1 
7
1 1 0 0 0 1 1 
1 0 0 0 1 1 0 
1 1 1 1 1 1 1 
0 1 0 1 0 1 1 
1 1 1 0 1 0 1 
1 0 1 0 1 0 1 
0 1 0 0 1 1 1 
10
0 1 0 1 1 1 0 1 1 1 
0 0 1 0 1 1 0 0 0 1 
1 0 0 0 1 1 0 1 1 0 
0 1 0 1 1 1 0 1 0 1 
1 1 0 0 1 0 1 1 0 0 
0 0 1 1 0 0 0 1 0 0 
0 0 0 0 0 1 0 1 0 0 
1 1 1 1 0 1 0 1 1 1 
1 1 0 0 0 0 0 0 1 1 
0 1 0 1 1 0 1 1 0 0 