10
24 23 5
1 15
2 18
3 9
4 3
5 13
6 15
7 4
8 7
10 6
11 4
12 9
13 4
14 23
15 6
16 10
17 7
18 4
19 13
20 13
21 24
22 24
23 15
24 14
24
10
8
14
3
39 38 3
1 28
2 12
3 18
4 24
5 3
6 12
7 13
8 33
9 30
10 4
11 7
12 9
13 15
15 2
16 28
17 5
18 15
19 37
20 39
21 36
22 26
23 14
24 4
25 5
26 24
27 31
28 37
29 19
30 35
31 24
32 23
33 35
34 22
35 18
36 39
37 3
38 17
39 31
39
8
2
7 6 2
1 2
2 4
3 1
4 5
6 7
7 3
6
1
13 12 1
1 12
2 3
3 4
4 12
5 12
6 12
7 4
8 11
9 6
10 8
12 13
13 8
4
31 30 4
1 11
2 13
3 29
4 21
5 2
6 22
7 23
8 20
9 8
10 20
11 23
12 9
14 27
15 9
16 24
17 1
18 21
19 31
20 18
21 9
22 11
23 13
24 5
25 13
26 25
27 17
28 6
29 23
30 4
31 11
17
31
12
8
20 19 5
2 5
3 18
4 1
5 7
6 4
7 18
8 15
9 14
10 1
11 19
12 3
13 20
14 3
15 4
16 17
17 18
18 9
19 11
20 11
6
3
9
4
10
26 25 4
1 23
2 23
3 23
4 5
5 19
6 14
7 2
8 5
9 3
10 5
11 17
12 24
13 15
14 21
16 18
17 7
18 13
19 21
20 18
21 22
22 20
23 16
24 12
25 9
26 18
24
14
8
3
7 6 4
1 5
2 4
3 2
4 3
5 1
7 6
4
3
1
7
26 25 3
1 8
2 22
3 12
4 3
6 10
7 6
8 13
9 2
10 18
11 8
12 5
13 15
14 15
15 13
16 2
17 24
18 4
19 4
20 24
21 22
22 24
23 10
24 25
25 12
26 20
15
16
23
14 13 3
1 10
2 1
3 10
4 11
5 10
6 11
7 14
8 4
9 5
11 9
12 6
13 4
14 4
9
8
5