20
5 1 100 99 1 98
5 100 77 1 99 42
10 1 2 3 4 5 5 6 7 8 99
10 99 8 7 6 5 5 4 3 2 1
10 17 6 25 49 27 65 42 48 97 3
15 1 1 1 1 1 1 1 1 1 1 1 1 1 1 1
15 27 8 18 59 33 33 99 16 39 6 35 67 94 15 48
15 3 55 11 39 62 34 38 10 31 37 39 64 70 56 62
20 66 47 58 23 5 72 50 56 4 57 94 36 57 55 16 10 93 40 2 28
20 86 31 62 30 55 97 7 33 59 30 58 68 4 31 40 71 39 71 66 49
25 77 85 12 13 31 23 28 67 22 9 85 39 26 8 4 16 3 58 67 99 85 60 85 88 34
25 60 89 49 42 80 83 75 50 28 11 18 72 55 14 55 10 5 46 12 49 55 17 96 83 27
25 75 16 72 82 7 69 10 59 68 54 15 74 53 44 8 85 23 88 7 2 22 33 56 1 9
25 36 39 67 46 4 36 95 37 21 44 27 95 19 36 35 50 18 56 14 67 73 78 5 29 39
25 83 52 52 57 52 85 4 22 21 36 51 24 42 49 84 47 26 44 57 39 37 30 64 56 85
25 67 41 69 25 79 75 87 36 49 56 3 27 58 86 19 42 10 40 23 52 21 44 66 2 44
25 1 2 3 4 5 1 2 3 4 5 1 2 3 4 5 1 2 3 4 5 6 7 8 20 9
25 54 12 49 34 32 18 9 1 43 30 56 11 74 55 28 38 30 35 21 96 15 11 39 2 1
25 58 94 87 44 50 43 68 88 48 79 47 79 90 97 72 85 34 20 18 71 100 44 90 91 32
25 88 46 96 20 91 26 19 2 100 51 99 70 38 10 50 82 2 16 28 93 76 100 99 93 1